e1  694 8 13 4 37 1896   13  457 1 8  2935   2  5 8  64 98 1 2   7 14  8   68 7541 81       
e2 8726  94  451279  8 93  8 172  87  45   34  57 61  1 93 7    9 5 13 6 56  9  1  123768   
e3   357 2   29 1 3  6      419   82 3  17    7 8    91  4 36   214      7  8 1 25   5 926  

m1  4  2 865 7  6 8    1    47 2  1874       52 96       8615  9 15    6    8 2  7 873 6  2   
m2     9 2   36     57 71    9    4  53  8     1     9  24  1    4    76 68     42   7 2    
m3   6 5   9   7  2 8      3 175    6  8 2  6     3  7 9  3    693 2      4 9  7   8   6 9  

h1    7  48    23   9       9  2      7659  6  1  3  9586      8  5       4   61    75  1   
h2 8   2 957   3    18  79 58 34      678   8     9   157      73 56 84  25    3   968 3   1
h3  3  1  6  75  3  48   69843     3   8   912   674   4   5     16752   68  9  15  9  4  3 

i1    2  8 1      7     18   35  5 1     9   6 9 5   7     4 6  34   79     7      8 7  1       
i2  8 5 3      6    9   1  6 43  1 72            17       4  6  3   9  4   1    6  5  8     
i3 8           36       7  9 2    5   7        457      1   3    1    68    85   1   9    4   

